1000
91 59 33
4 79 33
44 7 12
43 9 84
69 3 81
97 69 86
2 21 41
52 23 15
82 87 30
83 41 63
19 71 93
44 33 42
91 86 32
62 87 92
70 25 2
91 35 47
95 95 17
79 6 20
17 26 74
75 33 74
23 8 13
94 11 37
100 91 95
34 44 91
84 74 99
14 59 83
34 72 48
17 37 79
68 88 5
68 85 59
3 40 45
0 55 55
90 63 36
2 1 3
43 58 83
53 52 65
46 65 73
3 53 40
49 2 81
38 91 22
55 47 53
41 97 68
46 54 18
66 43 12
58 16 65
55 32 37
86 89 75
56 30 6
82 20 52
10 67 92
68 47 78
52 72 19
82 45 77
76 21 60
24 84 57
10 34 81
77 61 9
18 28 91
68 55 29
23 1 19
36 93 63
10 33 56
45 83 96
73 41 26
34 85 73
0 57 27
80 66 44
30 41 28
19 57 99
89 74 71
94 30 1
65 91 93
32 96 39
59 78 24
31 57 62
100 1 1
100 31 11
93 8 68
27 69 53
67 19 16
42 93 63
84 98 55
95 11 94
74 9 58
88 5 55
65 19 26
91 2 12
44 95 98
84 71 12
32 14 83
89 21 73
28 88 81
61 53 3
6 54 76
100 17 30
19 13 36
79 40 83
7 79 5
87 20 40
4 78 15
43 82 18
54 28 31
63 90 6
73 7 6
82 32 14
62 57 13
75 63 74
85 9 98
57 10 21
47 39 84
54 13 86
58 91 89
59 30 79
76 82 99
5 47 9
91 96 80
50 27 13
80 33 25
23 66 83
13 9 38
5 47 66
22 84 76
83 77 15
64 16 62
99 61 22
15 90 92
58 36 22
74 98 45
42 33 100
94 24 53
79 4 33
1 7 59
84 63 8
13 66 1
11 99 92
56 56 52
31 10 68
8 7 32
38 18 74
1 97 39
82 35 76
44 35 57
69 39 59
9 67 98
83 39 80
41 35 64
10 55 27
21 1 14
54 86 32
86 82 81
93 40 71
46 74 16
11 72 92
0 53 42
57 59 38
76 85 40
86 33 83
98 55 70
7 78 53
57 92 78
53 77 48
22 61 99
91 88 3
63 73 6
18 95 60
20 18 1
67 83 21
74 35 91
4 90 64
84 58 8
38 15 17
52 22 97
4 47 5
6 53 79
31 3 8
100 90 10
16 81 80
10 36 76
78 84 95
13 68 39
8 78 93
58 58 81
36 69 53
61 89 91
13 46 10
95 92 84
31 9 89
88 40 84
33 18 17
85 13 84
37 29 63
24 24 77
44 68 69
28 14 70
66 16 67
81 3 94
31 9 91
98 29 77
84 5 4
100 84 72
28 9 52
37 33 18
73 67 79
60 81 83
42 93 80
0 54 4
28 58 46
92 55 47
73 66 59
77 41 62
11 73 54
17 24 45
11 78 3
27 39 58
34 74 94
37 54 52
100 63 3
72 68 30
77 89 75
92 67 54
11 92 53
31 40 41
64 25 83
54 6 54
33 60 68
75 40 70
20 60 5
90 47 68
32 38 20
52 91 16
14 84 31
54 18 72
51 37 95
66 75 25
33 58 9
14 19 22
3 96 47
97 48 53
93 85 66
53 80 34
100 9 27
47 71 80
77 46 98
63 39 40
37 65 24
31 86 25
75 79 54
9 76 39
7 84 93
86 54 55
41 9 44
41 26 27
85 86 56
44 26 6
50 22 62
20 56 69
49 97 30
67 68 52
53 3 4
62 18 5
58 86 97
66 98 21
75 9 23
70 87 37
100 61 33
85 12 5
56 80 4
52 71 59
75 71 84
24 98 37
16 12 2
52 37 89
67 1 56
13 55 55
30 83 16
67 77 35
53 97 9
17 73 94
54 53 91
51 34 61
19 90 69
2 72 59
100 66 7
81 58 33
79 70 92
76 58 19
78 100 69
91 63 85
37 73 10
97 10 17
11 5 82
12 55 55
51 82 15
90 69 64
77 31 9
91 24 30
71 28 11
76 5 76
63 93 100
74 92 31
15 28 37
8 61 3
17 8 18
34 59 57
64 70 73
77 75 10
97 88 98
87 63 16
69 77 100
65 18 82
14 10 10
87 40 57
86 67 92
61 55 7
88 98 54
66 90 100
25 69 7
37 21 1
17 53 33
98 42 24
76 77 73
66 26 38
11 10 80
28 37 95
21 81 30
36 65 62
2 59 23
36 41 40
77 97 48
17 6 40
90 76 61
41 85 37
67 10 77
43 81 99
59 89 41
2 86 38
29 42 62
91 25 16
41 54 55
36 67 58
16 58 27
65 39 45
76 47 70
75 97 59
55 80 45
91 65 22
85 16 71
71 75 25
15 73 20
82 70 56
58 20 22
83 77 98
71 59 9
33 44 96
17 55 29
90 72 20
34 5 87
20 56 46
70 88 73
64 85 30
100 6 31
77 83 58
98 39 27
83 27 46
19 78 93
47 68 48
71 75 75
72 17 12
3 83 27
15 12 1
15 29 66
20 11 46
20 62 88
57 76 70
75 46 17
75 23 60
4 25 17
100 28 10
51 76 26
70 70 72
70 57 74
95 20 58
74 76 22
43 97 35
35 57 4
74 77 38
6 12 13
85 33 65
23 34 79
85 73 67
41 87 80
10 28 72
1 87 21
57 64 92
49 42 78
99 92 73
4 99 54
87 37 36
37 77 96
28 44 77
23 7 39
33 36 11
8 3 76
2 98 62
48 48 69
96 67 6
0 39 48
34 16 89
32 77 66
88 17 100
81 30 41
18 61 15
7 52 70
77 23 24
75 2 67
28 13 37
57 38 52
70 44 46
76 84 67
98 13 29
34 15 71
19 54 59
86 23 47
38 68 94
95 85 81
82 42 37
78 28 94
7 72 10
73 81 29
85 55 91
90 24 63
12 72 15
97 81 53
45 70 62
73 94 6
82 47 46
71 86 34
63 74 95
18 75 3
31 11 98
10 33 21
96 46 59
81 38 96
99 70 27
52 29 5
31 80 31
47 53 21
76 87 22
1 23 28
16 54 82
60 29 94
5 74 9
34 29 29
45 58 33
31 47 82
33 69 55
24 26 19
47 85 3
37 2 41
4 95 82
55 65 61
59 75 32
19 25 7
1 28 70
85 74 65
89 8 11
18 66 28
29 71 99
32 15 55
35 71 80
100 18 7
16 53 10
27 63 72
100 47 93
66 17 16
92 3 36
31 37 19
95 61 13
49 73 97
23 36 86
17 69 21
0 34 29
29 37 5
61 65 100
45 39 23
42 25 39
81 53 85
77 28 9
49 78 52
61 34 14
2 94 46
97 40 45
53 22 1
54 69 77
43 89 76
13 62 100
83 62 4
83 98 82
29 21 13
87 93 35
32 98 7
53 85 73
34 54 33
34 99 40
25 2 9
73 100 14
39 68 89
72 21 28
54 93 10
48 59 23
63 75 34
92 40 17
22 54 16
50 78 61
8 20 80
15 48 19
42 8 52
25 76 48
14 33 90
54 31 99
49 60 88
76 7 28
35 8 16
38 13 28
70 91 100
47 27 41
79 26 26
56 43 8
67 14 93
85 67 94
12 25 45
71 28 4
62 86 17
8 90 85
26 57 61
15 70 53
81 40 43
32 71 93
74 3 72
48 16 37
64 76 28
13 69 20
13 21 19
69 96 3
38 4 1
76 70 22
99 70 86
78 12 41
70 15 34
77 91 2
5 77 3
73 5 80
99 60 89
74 24 4
22 95 30
89 41 20
71 87 7
97 44 64
66 69 9
100 84 31
47 32 85
96 23 79
57 75 37
13 78 5
99 91 5
91 5 25
89 86 90
96 95 29
47 66 68
37 92 57
79 69 11
47 12 95
63 5 13
66 30 100
25 60 20
17 36 76
2 76 15
95 53 33
93 61 47
7 55 85
95 59 36
52 36 12
51 61 55
69 62 92
95 24 55
19 95 1
48 69 67
61 88 67
17 89 70
74 32 14
6 33 77
38 27 52
65 88 97
41 62 75
18 18 95
75 30 25
29 25 59
40 31 94
44 65 58
56 48 75
61 38 36
67 45 84
95 88 7
1 13 64
1 74 53
1 69 27
11 99 88
52 20 71
81 69 83
67 94 53
48 46 58
55 71 19
78 71 68
23 79 47
84 18 41
59 19 85
60 81 24
67 5 11
91 2 11
82 89 7
49 11 58
55 94 27
55 82 52
66 20 11
85 70 9
64 20 30
28 53 36
99 13 4
66 89 30
59 31 96
16 5 23
24 81 77
25 65 34
68 6 13
91 22 82
47 66 45
1 42 57
30 5 25
18 69 54
74 13 7
53 86 23
1 52 5
24 57 9
60 34 72
42 62 90
98 38 32
19 7 99
40 32 40
97 96 54
48 100 27
41 85 26
79 46 84
20 60 75
53 100 79
38 87 35
45 19 56
15 81 30
52 58 41
98 23 27
80 2 41
25 74 22
13 99 9
48 64 69
57 28 81
44 27 57
43 24 79
92 38 94
70 16 5
19 80 12
79 12 10
70 42 40
90 37 82
85 85 71
28 81 52
20 39 43
73 29 39
79 37 2
94 20 21
10 9 17
37 13 100
45 3 87
85 7 21
78 3 72
100 6 94
51 65 58
55 12 25
39 94 64
54 36 40
29 94 95
32 47 87
1 22 6
38 55 3
88 17 98
7 95 21
3 82 67
36 86 34
82 24 95
93 54 6
60 100 78
21 6 39
48 100 7
59 30 95
91 41 56
20 94 40
12 71 89
74 83 52
23 74 80
5 5 86
90 22 23
98 22 42
89 80 24
30 29 57
3 8 88
20 46 39
56 44 57
58 20 9
83 81 21
7 68 97
14 78 60
17 52 13
98 83 39
31 46 91
72 73 82
10 5 43
10 34 82
90 16 86
12 24 3
0 15 62
55 99 81
48 62 3
87 70 20
77 18 99
33 70 76
39 5 38
62 59 95
17 43 82
30 61 23
51 57 31
91 9 77
16 86 48
73 79 96
19 61 77
88 58 41
7 34 65
86 92 88
60 38 13
38 42 11
4 1 83
82 98 10
4 17 11
6 37 12
2 64 93
9 77 77
22 4 96
39 12 84
25 24 95
59 60 85
19 87 86
54 73 68
21 66 14
100 66 13
94 6 97
73 6 68
43 19 26
19 23 85
97 87 65
82 79 96
77 75 53
2 36 39
95 85 18
25 40 82
5 4 81
40 29 7
99 95 91
59 82 94
93 6 84
67 60 99
68 45 5
95 21 59
30 65 81
53 90 67
83 15 78
42 91 58
55 94 1
54 83 44
80 65 25
55 84 13
55 82 21
2 67 55
62 67 78
69 96 28
60 5 38
62 44 84
80 78 67
91 83 54
80 46 30
72 15 93
75 12 4
2 48 25
62 24 38
13 15 91
36 17 39
57 53 73
76 78 55
61 11 30
100 31 47
78 21 43
6 74 68
67 43 20
50 22 86
67 12 75
87 37 39
43 47 33
7 55 65
53 66 72
36 61 83
28 95 98
84 63 23
59 72 79
75 31 59
34 92 25
82 28 71
10 86 69
67 7 97
28 43 83
92 80 87
39 68 98
65 89 98
32 46 61
44 19 7
57 52 31
35 97 48
24 57 38
48 39 20
46 13 25
50 96 59
80 60 28
3 19 75
94 62 11
51 16 83
65 69 32
46 83 61
11 45 87
63 43 23
22 45 39
71 76 48
98 4 46
28 12 87
94 53 82
17 31 57
95 52 21
58 85 42
20 41 6
55 83 24
37 24 17
90 70 34
100 89 79
16 35 59
38 20 36
84 98 25
41 98 74
17 2 33
75 28 25
91 86 25
60 86 100
37 56 98
90 67 82
68 13 87
90 98 72
94 54 91
98 87 25
49 32 95
56 83 72
21 26 87
33 6 28
17 42 4
1 90 31
41 48 10
50 20 90
70 67 75
6 90 18
50 65 61
30 60 84
51 52 94
56 91 37
36 4 21
100 33 89
61 9 64
62 46 1
94 75 65
12 33 57
70 35 40
92 7 98
53 28 74
38 6 39
17 63 22
73 4 82
53 48 15
42 33 8
7 84 22
71 35 27
17 81 100
34 26 6
97 10 91
15 74 4
46 13 67
84 53 47
4 87 25
77 76 20
6 36 66
12 3 26
67 53 15
99 99 99
41 97 37
21 88 44
67 89 59
19 53 6
13 17 1
26 92 27
50 45 96
72 45 65
21 17 22
12 39 71
14 12 58
56 82 23
93 92 92
63 47 47
44 4 23
0 42 24
49 43 41
6 74 32
39 42 75
97 76 47
78 53 78
52 10 20
20 98 70
85 96 27
57 76 73
27 81 7
37 3 58
52 71 98
15 27 85
41 20 71
2 47 93
49 86 5
99 10 38
36 64 15
77 21 90
35 62 33
61 11 61
5 36 8
21 57 20
54 12 86
30 64 56
26 20 90
80 80 99
7 13 96
55 98 32
22 21 46
43 99 74
2 32 95
28 95 81
46 59 25
16 46 80
84 58 56
45 24 7
67 60 11
45 94 28
12 59 63
53 5 47
24 1 68
56 92 59
10 19 4
21 53 4
57 27 68
15 19 12
67 56 15
100 55 38
72 40 83
100 87 47
54 70 59
75 18 61
20 46 63
67 43 16
72 98 89
71 8 8
17 17 24
68 23 60
57 87 8
57 14 13
48 52 2
74 27 60
73 94 45
91 61 19
42 73 40
37 87 8
47 8 15
4 8 40
26 2 42
91 48 60
